3.059225
1.029288
3.343601
7.515581
19.335054
65.702148
236.406784
941.899231
1130.551147
1153.902832
1158.243408
1132.341675
1212.718994
1329.424072
1247.812744
1277.412354
1331.055664
1305.119385
1181.066162
1259.560913
1450.442627
1357.545166
1319.359131
1191.675293
1275.091553
1367.419312
1440.688721
1336.551514
1350.890015
1382.864380
1224.075439
1417.797241
1398.695679
1336.811035
1287.413330
1328.884766
1285.744385
1372.209595
1418.872803
1262.065186
1267.488525
1285.624023
1257.756836
1350.488403
1310.279053
1222.037476
1323.692383
1374.633545
1366.729492
1443.598877
1340.344971
1344.013428
1389.712524
1408.697876
1372.297241
1335.593994
1358.047119
1401.470459
1316.603760
1393.359619
1332.161011
1321.930908
1436.449951
1413.871460
1306.546875
1416.790771
1379.623657
1423.967651
1429.743042
1384.899658
1311.913818
1257.521729
1389.171509
1275.057861
1304.015625
1430.682495
1352.908203
1331.957031
1247.442017
1294.636353
1234.272339
1234.515869
1331.067139
1370.448242
1264.924194
1235.886108
1201.283447
1325.323120
1424.192139
1313.135498
1306.885132
1474.341431
1353.930664
1230.787109
1251.571899
1344.934814
1239.315796
1299.835571
1318.607422
1366.205811
1290.024658
1363.565918
1296.355591
1404.999512
1262.784424
1339.868652
1285.100342
1303.237549
1388.661621
1359.018799
1407.824951
1416.648682
1398.129883
1302.856567
1412.146729
1406.438965
1362.154907
1341.075439
1347.096191
1320.679077
1382.709229
1316.505615
1299.321533
1374.520142
1355.466187
1293.762329
1260.230347
1311.368164
1268.368286
1298.137695
1357.491943
1352.785400
1272.215820
1270.187744
1222.000977
1327.133911
1311.203491
1273.720093
