3183.099609
2831.084473
2599.116211
2551.248047
2541.135498
2711.258545
2787.565918
2719.633545
2605.747803
2751.398926
2746.792480
2701.447998
2706.582275
2294.414795
2771.602051
2702.100830
2712.728027
2833.367920
2713.051514
3114.992432
2547.768066
2995.923340
2640.459473
2499.472900
2979.775635
2725.089844
2979.171387
2949.578369
2472.131348
2702.896484
2506.169678
2896.421631
2662.033691
2506.273438
2514.829590
2581.292725
2295.247070
2358.250000
2398.538574
2692.993652
2949.741455
2817.747070
2691.247070
2590.453857
2589.880615
3230.336670
2419.838135
2620.574463
2784.320312
2738.579590
2340.193848
2420.120361
2931.158447
2307.842285
2447.515381
2821.899170
2825.780273
2719.841553
2859.508789
3032.905762
2648.097900
2595.901123
2741.168945
2839.054443
2595.885742
2727.675537
2861.965820
2270.901123
2826.116455
2676.737793
2778.618896
2482.385498
2703.693604
2780.956543
2416.650146
2853.121094
2602.309570
2459.063965
2829.575195
2729.442383
2827.322754
3018.918457
2974.888428
2478.614258
2693.996094
2402.762695
