0.000327
0.000959
0.001476
0.000898
0.000835
0.000745
0.000829
0.000790
0.000466
0.000430
0.000884
0.000967
0.000646
0.000728
0.000595
0.000930
0.000607
0.000357
0.000826
0.000750
0.000586
0.000700
0.000913
0.000846
0.000627
0.000133
0.000415
0.000496
0.000538
0.000967
0.000963
0.000687
0.000858
0.000743
0.000746
0.001306
0.000414
0.000712
0.000936
0.000692
0.001160
0.000685
0.000914
0.000554
0.000640
0.000279
0.000661
0.000440
0.000596
0.000123
0.000412
0.000918
0.000702
0.000932
0.000918
0.000985
0.000436
0.000244
0.000631
0.001263
0.000409
0.000540
0.000696
0.000995
0.000685
0.000430
0.001551
0.000634
0.000494
0.001033
0.001410
0.000916
0.000746
0.000395
0.000683
0.000612
0.000474
0.000479
0.000295
0.000256
0.000717
0.000581
0.000883
0.000586
0.001261
0.000687
0.000648
0.000243
0.000816
0.000875
0.000087
0.000072
0.001237
0.001224
0.001697
0.001329
0.000714
0.000891
0.000723
0.000951
0.000536
0.000891
0.000656
0.000934
0.000540
0.000925
0.001036
0.001215
0.000755
0.000654
0.000375
0.000205
0.000311
0.000527
0.000703
0.000704
0.000740
0.000779
0.000681
0.000534
0.000670
0.000448
-0.000360
0.000483
0.000555
0.000726
0.000832
0.000624
0.000425
0.000682
0.000462
0.000959
0.000561
0.000766
0.001281
0.000738
0.000240
0.000535
