751.540894
976.173096
964.423950
1005.559570
1128.829102
1191.235840
1088.292725
1519.253662
1163.632324
1931.118042
976.448242
990.628906
1420.715820
1088.424683
1102.465820
1284.197266
1164.953979
1168.513550
1188.561401
1357.453125
1377.928833
1342.432251
1339.648926
1320.431396
1297.291016
1604.724243
1252.970581
1528.583496
1264.503662
1601.530029
1291.763550
1169.748901
1251.381226
1267.065674
1629.696533
1530.055664
1322.536499
1179.876587
1676.885010
1758.457153
1316.061035
1191.303467
1586.746460
1253.133057
1379.864990
1227.194580
1415.028931
1312.349121
1228.193237
1244.704346
1485.264038
1472.950928
1468.807495
1281.178223
1189.484375
1331.062256
1030.767700
1127.798096
1242.215454
1707.185059
1197.389648
1157.308594
1282.263428
1596.028564
1339.275879
1497.496338
1464.826904
1568.740479
1320.445068
1278.526367
1629.298828
1347.564087
1360.150391
1675.544556
1080.593384
1186.479980
1291.221802
1268.141846
1722.996094
1323.445801
1277.783936
1855.497314
1531.077148
1155.282227
1907.272705
1295.246094
1270.478760
1157.566040
1580.450317
1410.204346
1247.814575
1218.930298
1478.302979
1497.268433
1540.453613
1599.730347
1358.846436
1241.254883
1483.989014
1468.180664
1264.147949
1600.976196
1244.595947
1528.518433
1160.546509
1503.840454
1214.494507
1684.557617
1587.556396
1260.509766
1338.239868
1380.752930
1424.718506
1364.390991
1448.479614
1414.787476
1284.620850
1382.844604
1318.720459
1589.804932
1487.162964
1338.982666
1140.633057
1481.803467
1328.411987
1570.166992
1418.430176
1240.027466
1282.873047
1554.156616
1382.939087
1510.415405
1430.099243
1416.164917
1828.381592
1303.555786
1427.255981
1195.975586
